0.5785
0.569
0.564
0.5635
0.5798
0.5712
0.5658
0.5623
0.019
0.0156
0.01462
0.01419
0.01902
0.0157
0.01459
0.01421
0.003954
0.00239
0.001949
0.001779
0.003909
0.002393
0.001946
0.001776
0.5476
0.5518
0.5519
0.5555
0.5487
0.5507
0.5551
0.5574
0.01381
0.01287
0.013
0.013
0.01377
0.0128
0.01286
0.01297
0.00239
0.001578
0.001446
0.001436
0.002404
0.001573
0.001455
0.001436
0.001436
0.5714
0.5671
0.5639
0.5896
0.5719
0.5685
0.5616
0.02234
0.01664
0.01502
0.01443
0.02235
0.01666
0.01508
0.01439
0.005639
0.00288
0.002142
0.001874
0.005628
0.002865
0.00214
0.001867
0.5499
0.5532
0.5535
0.5569
0.5512
0.5515
0.5533
0.555
0.01643
0.01345
0.01308
0.01311
0.01633
0.01353
0.01308
0.01307
0.003976
0.002006
0.001613
0.001508
0.003983
0.002006
0.001613
0.001508
0.586
0.5703
0.5658
0.5634
0.5835
0.5704
0.5646
0.5639
0.01917
0.01575
0.01463
0.01417
0.01912
0.01572
0.01465
0.0142
0.003919
0.002392
0.001952
0.001775
0.003939
0.002402
0.001945
0.001772
0.5462
0.553
0.5552
0.5527
0.55
0.549
0.5552
0.5546
0.01365
0.01288
0.01286
0.013
0.01367
0.01279
0.01284
0.01303
0.002382
0.001584
0.001448
0.001433
0.002403
0.00158
0.001454
0.001431
